2;2;7;2;4;2;2;4;6;4;2;1;6;2;2;4;6;0;0;0;0;0;0;0;0;0;0;0;0;0;0;0;0;0;0;0;0#81
1;1;3;2;2;2;0;2;3;2;2;1;3;2;0;2;3;0;0;0;0;0;0;0;0;0;0;0;0;0;0;0;0;0;0;0;0#81
0;0;0;0;0;0;1;0;1;0;0;1;0;0;0;0;0;0;0;0;0;0;0;0;0;0;0;0;0;0;0;0;0;0;0;0;0#81
1;1;2;1;2;1;1;2;2;3;1;1;3;1;1;3;2;0;0;0;0;0;0;0;0;0;0;0;0;0;0;0;0;0;0;0;0#81
0;0;0;0;0;0;0;0;0;0;0;1;0;0;0;0;0;0;0;0;0;0;0;0;0;0;0;0;0;0;0;0;0;0;0;0;0#81
3;1;0;1;1;1;1;0;0;1;1;1;2;1;1;1;2;0;0;0;0;0;0;0;0;0;0;0;0;0;0;0;0;0;0;0;0#81
0;0;1;1;1;1;1;2;2;1;1;1;1;1;1;2;1;0;0;0;0;0;0;0;0;0;0;0;0;0;0;0;0;0;0;0;0#81
1;1;2;1;1;2;2;2;3;2;4;1;2;2;2;2;1;0;0;0;0;0;0;0;0;0;0;0;0;0;0;0;0;0;0;0;0#81
0;0;0;1;1;1;2;6;2;0;1;1;0;0;3;2;1;0;0;0;0;0;0;0;0;0;0;0;0;0;0;0;0;0;0;0;0#81
1;1;1;2;1;1;0;1;1;1;1;1;1;1;0;1;1;0;0;0;0;0;0;0;0;0;0;0;0;0;0;0;0;0;0;0;0#81
1;0;0;0;1;0;1;1;1;0;0;1;0;0;1;1;2;0;0;0;0;0;0;0;0;0;0;0;0;0;0;0;0;0;0;0;0#81
3;1;1;1;2;1;0;1;1;1;1;1;1;1;0;2;3;0;0;0;0;0;0;0;0;0;0;0;0;0;0;0;0;0;0;0;0#81
1;1;0;7;1;1;0;0;0;1;4;1;1;1;0;1;4;0;0;0;0;0;0;0;0;0;0;0;0;0;0;0;0;0;0;0;0#81
0;0;0;0;0;1;0;0;0;1;2;1;2;2;0;1;0;0;0;0;0;0;0;0;0;0;0;0;0;0;0;0;0;0;0;0;0#81
0;0;0;0;0;2;2;0;0;1;2;1;1;1;2;2;0;0;0;0;0;0;0;0;0;0;0;0;0;0;0;0;0;0;0;0;0#81
3;3;1;2;2;5;0;1;1;1;3;1;1;1;0;3;2;0;0;0;0;0;0;0;0;0;0;0;0;0;0;0;0;0;0;0;0#81
2;2;0;0;0;0;0;0;0;0;2;1;1;1;0;0;0;0;0;0;0;0;0;0;0;0;0;0;0;0;0;0;0;0;0;0;0#81
0;0;0;1;3;1;0;0;0;0;1;1;0;0;0;1;1;0;0;0;0;0;0;0;0;0;0;0;0;0;0;0;0;0;0;0;0#81
2;2;0;2;2;2;2;0;0;0;2;1;0;0;2;2;2;0;0;0;0;0;0;0;0;0;0;0;0;0;0;0;1;0;0;0;0#81
1;1;1;1;1;2;0;1;1;2;3;1;3;3;0;2;1;0;0;0;0;0;0;0;0;0;0;0;0;0;0;0;0;0;0;0;0#81
0;0;0;0;0;0;0;0;0;0;0;1;0;0;0;0;2;0;0;0;0;0;0;0;0;0;0;0;0;0;0;0;0;0;0;0;0#81
0;0;1;0;0;0;0;0;1;0;0;1;1;0;0;0;3;0;0;0;0;0;0;0;0;0;0;0;0;0;0;0;0;0;0;0;0#81
1;1;1;2;1;1;2;1;1;1;2;1;1;1;1;1;3;0;0;0;0;0;0;0;0;0;0;0;0;0;0;0;0;0;0;0;0#81
0;0;1;7;4;4;3;2;2;1;8;1;1;1;3;4;7;0;0;0;0;0;0;0;0;0;0;0;0;0;0;0;0;0;0;0;0#81
0;0;0;0;2;0;2;0;0;1;0;1;1;0;2;4;2;0;0;0;0;0;0;0;0;0;0;0;0;0;0;0;0;0;0;0;0#81
2;2;0;2;0;0;1;0;0;0;2;1;1;1;0;0;2;0;0;0;0;0;0;0;0;0;0;0;0;0;0;0;0;0;0;0;0#81
1;1;0;3;3;3;0;0;0;2;3;1;2;2;0;4;3;0;0;0;0;0;0;0;0;0;0;0;0;0;0;0;0;0;0;0;0#81
1;0;0;0;0;0;0;1;1;0;0;1;0;0;0;1;0;0;0;0;0;0;0;0;0;0;0;0;0;0;0;0;0;0;0;0;0#81
0;0;0;0;0;0;0;0;0;0;0;1;0;0;0;0;1;0;0;0;0;0;0;0;0;0;0;0;0;0;0;0;0;0;0;0;0#81
0;0;1;0;1;0;1;3;3;1;0;1;1;0;1;3;1;0;0;0;0;0;0;0;0;0;0;0;0;0;0;0;0;0;0;0;0#81
0;0;1;0;2;0;0;1;1;2;0;1;3;0;0;2;4;0;0;0;0;0;0;0;0;0;0;0;0;0;0;0;0;0;0;0;0#81
0;0;0;0;0;0;0;0;1;0;0;1;0;0;0;0;0;0;0;0;0;0;0;0;0;0;0;0;0;0;0;0;0;0;0;0;0#81
0;0;0;0;1;0;1;0;0;1;0;1;1;0;1;1;2;0;0;0;0;0;0;0;0;0;0;0;0;0;0;0;0;0;0;0;0#81
0;0;0;0;0;0;0;0;0;0;0;1;0;0;0;0;3;0;0;0;0;0;0;0;0;0;0;0;0;0;0;0;0;0;0;0;0#81
1;1;1;1;0;0;0;0;1;0;1;1;1;1;0;0;1;0;0;0;0;0;0;0;0;0;0;0;0;0;0;0;0;0;0;0;0#81
1;0;0;0;4;0;4;0;0;0;0;1;0;0;4;4;4;0;0;0;0;0;0;0;0;0;0;0;0;0;0;0;0;0;0;0;0#81
0;0;2;2;2;2;1;2;2;4;2;1;4;2;1;5;2;0;0;1;0;2;0;0;0;0;0;0;0;0;0;0;2;0;0;0;0#81
2;1;0;1;0;0;0;0;0;0;1;1;0;0;0;0;2;0;0;0;0;0;0;0;0;0;0;0;0;0;0;0;0;0;0;0;0#81
1;0;0;0;2;0;1;2;1;0;0;1;0;0;1;1;1;0;0;0;0;0;0;0;0;0;0;0;0;0;0;0;0;0;0;0;0#81
2;2;2;3;10;3;8;5;5;2;3;1;2;2;8;10;26;0;0;0;0;0;0;0;0;0;0;0;0;0;0;0;0;0;0;0;0#81
0;0;0;0;0;0;0;0;0;0;0;0;0;0;0;0;0;0;0;1;4;1;0;1;0;5;2;0;0;0;0;0;0;0;0;0;0#82
0;0;0;0;0;0;0;0;0;0;0;0;0;0;0;0;0;1;0;0;1;0;6;0;1;6;0;0;0;0;0;0;0;0;0;0;0#82
0;0;0;0;0;0;0;0;0;0;0;0;0;0;0;0;0;3;32;16;28;13;7;16;3;27;30;0;0;1;0;0;9;0;1;0;0#82
0;0;0;0;0;0;0;0;0;0;0;0;0;0;0;0;0;1;1;1;0;1;0;0;0;0;0;0;0;0;0;0;1;0;0;0;0#82
0;0;0;1;0;0;0;0;0;0;0;0;0;0;0;0;0;2;1;1;0;1;2;2;4;0;1;0;0;0;0;0;0;0;0;0;0#82
0;0;0;0;0;0;0;0;0;0;0;0;0;0;0;0;0;0;0;4;1;1;0;0;0;0;0;0;0;0;0;0;1;0;0;0;0#82
0;0;0;0;0;0;0;0;0;0;0;0;0;0;0;0;0;0;2;2;0;3;0;2;0;0;2;0;0;0;0;0;3;0;0;0;0#82
0;0;0;0;0;0;0;0;0;0;0;0;0;0;0;0;0;0;0;0;0;1;0;0;0;0;0;0;0;0;0;0;0;0;0;0;0#82
0;0;0;0;0;0;0;0;0;0;0;0;0;0;0;0;0;0;4;3;0;0;0;3;0;0;3;0;0;0;0;0;0;0;0;0;0#82
0;0;0;0;0;0;0;0;0;0;0;0;0;0;0;0;0;0;2;0;0;0;0;0;1;0;0;0;0;0;0;0;0;0;0;0;0#82
0;0;0;0;0;0;0;0;0;0;0;0;0;0;0;0;0;1;0;2;0;1;1;1;2;2;1;0;0;0;0;0;1;0;0;0;0#82
0;0;0;0;0;0;0;0;0;0;0;0;0;0;0;0;0;0;0;0;0;0;0;1;0;0;0;0;0;0;0;0;1;0;0;0;0#82
0;0;0;0;0;0;0;0;0;0;0;0;0;0;0;0;0;0;0;0;0;0;0;0;1;1;0;0;0;0;0;0;2;0;0;0;0#82
0;0;0;0;0;0;0;0;0;0;0;0;0;0;0;0;0;0;0;0;0;0;0;0;0;0;0;0;0;0;0;0;0;0;0;0;0#82
0;0;0;0;0;0;0;0;0;0;0;0;0;0;0;0;0;1;1;0;0;1;0;0;0;0;0;0;0;0;0;0;1;0;0;0;0#82
0;0;0;0;0;0;0;0;0;0;0;0;0;0;0;0;0;1;0;0;0;0;1;0;1;0;0;0;0;0;0;0;0;0;0;0;0#82
0;0;0;0;0;0;0;0;0;0;0;0;0;0;0;0;0;6;3;4;15;1;6;2;43;43;2;0;0;0;0;0;1;0;0;0;0#82
0;0;0;0;0;0;0;0;0;0;0;0;0;0;0;0;0;3;4;1;1;0;3;1;3;3;4;0;0;0;0;0;0;0;0;0;0#82
0;0;0;0;0;0;0;0;0;0;0;0;0;0;0;0;0;1;2;2;2;1;1;0;2;0;0;0;0;0;0;0;1;0;0;0;0#82
0;0;0;0;0;0;0;0;0;0;0;0;0;0;0;0;0;0;0;0;0;0;0;0;0;0;0;0;0;0;0;0;1;0;0;0;0#82
0;0;0;0;0;0;0;0;0;0;0;0;0;0;0;0;0;1;0;0;0;0;0;0;0;0;0;0;0;0;0;0;0;0;0;0;0#82
0;0;0;0;0;0;0;0;0;0;0;0;0;0;0;0;0;0;0;1;0;0;0;1;0;0;1;0;0;0;0;0;0;0;0;0;0#82
0;0;0;0;0;0;0;0;0;0;0;0;0;0;0;0;0;0;0;0;0;1;0;0;0;0;0;0;0;0;0;0;1;0;0;0;0#82
0;0;0;0;0;0;0;0;0;0;0;0;0;0;0;0;0;8;6;6;1;10;8;6;8;2;6;0;0;0;0;0;10;0;0;0;0#82
0;0;0;0;0;0;0;0;0;0;0;0;0;0;0;0;0;0;0;0;0;0;0;0;0;0;0;0;0;0;0;0;2;0;0;0;0#82
0;0;0;0;0;0;0;0;0;0;0;0;0;0;0;0;0;2;0;4;2;2;3;3;2;1;3;0;0;0;0;0;1;0;0;0;0#82
0;0;0;0;0;0;0;0;0;0;0;0;0;0;0;0;0;0;2;2;0;0;0;1;0;0;1;0;0;0;0;0;0;0;0;0;0#82
0;0;0;0;0;0;0;0;0;0;0;0;0;0;0;0;0;6;3;4;16;1;6;2;43;43;2;0;0;0;0;0;1;0;0;0;0#82
0;0;0;0;0;0;0;0;0;0;0;0;0;0;0;0;0;0;0;0;0;0;0;0;0;0;0;0;0;0;0;0;1;0;0;0;0#82
0;0;0;0;0;0;0;0;0;0;0;0;0;0;0;0;0;0;2;0;0;0;0;0;0;1;0;0;0;0;0;0;0;0;0;0;0#82
0;0;0;0;0;0;0;0;0;0;0;0;0;0;0;0;0;1;3;4;4;2;1;0;2;1;0;0;0;0;0;0;2;0;0;0;0#82
0;0;0;0;0;0;0;0;0;0;0;0;0;0;0;0;0;0;1;0;0;0;0;0;1;0;2;0;0;0;0;0;0;0;0;0;0#82
0;0;0;0;0;0;0;0;0;0;0;0;0;0;0;0;0;0;1;1;0;1;0;0;0;0;0;0;0;0;0;0;1;0;0;0;0#82
0;0;0;0;0;0;0;0;0;0;0;0;0;0;0;0;0;0;0;1;0;0;0;1;0;0;2;0;0;0;0;0;0;0;0;0;0#82
0;0;0;0;0;0;0;0;0;0;0;0;0;0;0;0;0;0;0;1;2;0;2;1;0;0;2;0;0;0;0;0;0;0;0;0;0#82
0;0;0;0;0;0;0;0;0;0;0;0;0;0;0;0;0;0;1;0;0;1;0;0;0;0;0;0;0;0;0;0;0;0;0;0;0#82
0;0;0;0;0;0;0;0;0;0;0;0;0;0;0;0;0;0;0;0;0;1;0;0;0;0;0;0;0;0;0;0;1;0;0;0;0#82
0;0;0;0;0;0;0;0;0;0;0;0;0;0;0;0;0;0;0;0;0;0;0;0;0;0;0;0;0;0;0;0;0;0;0;0;0#82
0;0;0;0;0;0;0;0;0;0;0;0;0;0;0;0;0;0;0;0;0;0;0;0;0;0;1;0;0;0;0;0;0;0;0;0;0#82
0;0;0;0;0;0;0;0;0;0;0;0;0;0;0;0;0;0;0;0;0;0;0;0;0;0;0;0;0;0;0;0;0;0;0;0;0#82
0;0;0;0;0;0;0;0;0;0;0;0;0;0;0;0;0;0;1;3;0;0;0;4;2;0;3;0;0;0;0;0;0;0;0;0;0#82
0;0;0;0;0;0;0;0;0;0;0;0;0;0;0;0;0;2;0;0;0;0;2;1;6;2;0;0;0;0;0;0;0;0;0;0;0#82
0;0;0;0;0;0;0;0;0;0;0;0;0;0;0;0;0;1;0;0;0;0;0;0;0;0;2;0;0;0;0;0;0;0;0;0;0#82
0;0;0;0;0;0;0;0;0;0;0;0;0;0;0;0;0;0;1;0;0;1;0;0;0;0;1;0;0;0;0;0;1;0;0;0;0#82
0;0;0;0;0;0;0;0;0;0;0;0;0;0;0;0;0;1;1;1;0;0;2;1;1;0;1;0;0;0;0;0;0;0;0;0;0#82
0;0;0;0;0;0;0;0;0;0;0;0;0;0;0;0;0;0;5;3;1;2;1;1;0;0;1;0;0;0;0;0;1;0;0;0;0#82
0;0;0;0;0;0;0;0;0;0;0;0;0;0;0;0;0;1;4;0;1;2;1;0;5;0;0;0;0;0;0;0;2;0;0;0;0#82
0;0;0;0;0;0;0;0;0;0;0;0;0;0;0;0;0;0;0;3;1;4;0;2;0;0;2;0;0;0;0;0;2;0;0;0;0#82
0;0;0;0;0;0;0;0;0;0;0;0;0;0;0;0;0;2;0;1;0;1;1;3;1;0;1;0;0;0;0;0;1;0;0;0;0#82
0;0;0;0;0;0;0;0;0;0;0;0;0;0;0;0;0;0;1;0;0;0;0;0;0;0;0;0;0;0;0;0;0;0;0;0;0#82
0;0;0;0;0;0;0;0;0;0;0;0;0;0;0;0;0;2;2;1;0;0;0;0;0;0;0;0;0;0;0;0;0;0;0;0;0#82
0;0;0;0;0;0;0;0;0;0;0;0;0;0;0;0;0;0;0;1;0;0;0;1;0;0;1;0;0;0;0;0;0;0;0;0;0#82
0;0;0;0;0;0;0;0;0;0;0;0;0;0;0;0;0;0;0;0;0;0;0;0;0;0;0;0;0;0;0;0;0;0;0;0;0#82
0;0;0;0;0;0;0;0;0;0;0;0;0;0;0;0;0;0;0;0;0;0;0;0;0;0;0;0;0;0;0;0;0;0;0;0;0#82
0;0;0;0;0;0;0;0;0;0;0;0;0;0;0;0;0;0;1;0;0;1;0;0;0;0;0;0;0;0;0;0;0;0;0;0;0#82
0;0;0;0;0;0;0;0;0;0;0;0;0;0;0;0;0;0;0;0;2;0;0;0;0;0;1;0;0;0;0;0;0;0;0;0;0#82
0;0;0;0;0;0;0;0;0;0;0;0;0;0;0;0;0;0;0;1;0;2;0;1;0;0;3;0;0;0;0;0;1;0;0;0;0#82
0;0;0;0;0;0;0;0;0;0;0;0;0;0;0;0;0;2;0;0;0;0;2;1;2;2;0;0;0;0;0;0;0;0;0;0;0#82
0;0;0;0;0;0;0;0;0;0;0;0;0;0;0;0;0;1;0;0;0;0;0;0;0;0;0;0;0;0;0;0;2;0;0;0;0#82
0;0;0;0;0;0;0;0;0;0;0;0;0;0;0;0;0;0;0;0;0;0;0;0;0;0;0;0;0;0;0;0;0;0;0;0;0#82
0;0;0;0;0;0;0;0;0;0;0;0;0;0;0;0;0;5;0;2;1;2;4;2;4;0;3;0;0;0;0;0;1;0;0;0;0#82
0;0;0;0;0;0;0;0;0;0;0;0;0;0;0;0;0;5;4;2;31;4;10;2;5;15;4;0;0;0;0;0;1;0;0;0;0#82
0;0;0;0;0;0;0;0;0;0;0;0;0;0;0;0;0;0;0;0;0;0;0;0;0;0;0;0;0;0;0;0;1;0;0;0;0#82
0;0;0;0;0;0;0;0;0;0;0;0;0;0;0;0;0;1;2;0;1;0;6;0;1;1;2;0;0;0;0;0;0;0;0;0;0#82
0;0;0;0;0;0;0;0;0;0;0;0;0;0;0;0;0;0;0;2;3;0;0;2;2;0;3;0;0;0;0;0;0;0;0;0;0#82
0;0;0;0;0;0;0;0;0;0;0;0;0;0;0;0;0;0;0;0;0;0;0;0;0;0;0;0;0;0;0;0;3;0;0;0;0#82
0;0;0;0;0;0;0;0;0;0;0;0;0;0;0;0;0;0;0;0;0;0;0;0;0;0;0;0;0;0;0;0;0;0;0;0;0#82
0;0;0;0;0;0;0;0;0;0;0;0;0;0;0;0;0;0;0;0;0;0;0;0;0;0;0;0;0;0;0;0;0;0;0;0;0#82
0;0;0;0;0;0;0;0;0;0;0;0;0;0;0;0;0;0;0;2;0;3;0;0;0;0;0;0;0;0;0;0;1;0;0;0;0#82
0;0;0;0;0;0;0;0;0;0;0;0;0;0;0;0;0;0;0;0;0;0;0;0;1;1;0;0;0;0;0;0;1;0;0;0;0#82
0;0;0;0;0;0;0;0;0;0;0;0;0;0;0;0;0;0;1;1;0;0;0;3;0;0;1;0;0;0;0;0;0;0;0;0;0#82
0;0;0;0;0;0;0;0;0;0;0;0;0;0;0;0;0;1;0;1;1;1;2;0;1;0;0;0;0;0;0;0;1;0;0;0;0#82
0;0;0;0;0;0;0;0;0;0;0;0;0;0;0;0;0;5;8;2;5;0;8;2;5;6;2;0;0;1;0;0;0;0;0;0;0#82
0;0;0;0;0;0;0;0;0;0;0;0;0;0;0;0;0;0;0;1;1;5;0;1;1;0;4;0;0;0;0;0;3;0;0;0;0#82
0;0;0;0;0;0;0;0;0;0;0;0;0;0;0;0;0;0;1;1;0;0;0;1;0;0;1;0;0;0;0;0;0;0;0;0;0#82
0;0;0;0;0;0;0;0;0;0;0;0;0;0;0;0;0;0;0;0;0;0;0;0;1;0;0;0;0;0;0;0;0;0;0;0;0#82
0;0;0;0;0;0;0;0;0;0;0;0;0;0;0;0;0;0;0;0;0;0;0;0;0;0;0;0;0;0;0;0;0;0;0;0;0#82
0;0;0;0;0;0;0;0;0;0;0;0;0;0;0;0;0;0;2;0;0;0;0;0;0;0;1;0;0;0;0;0;0;0;0;0;0#82
0;0;0;0;0;0;0;0;0;0;0;0;0;0;0;0;0;0;0;1;2;2;0;1;2;2;2;0;0;0;0;0;0;0;0;0;0#82
0;0;0;0;0;0;0;0;0;0;0;0;0;0;0;0;0;2;1;0;0;0;2;0;2;0;0;0;0;0;0;0;0;0;0;0;0#82
0;0;0;0;0;0;0;0;0;0;0;0;0;0;0;0;0;0;1;3;0;1;0;2;0;0;2;0;0;0;0;0;1;0;0;0;0#82
0;0;0;0;0;0;0;0;0;0;0;0;0;0;0;0;0;0;0;0;0;0;0;1;0;0;0;0;0;0;0;0;0;0;0;0;0#82
0;0;0;0;0;0;0;0;0;0;0;0;0;0;0;0;0;0;1;0;0;2;0;0;0;0;0;0;0;0;0;0;1;0;0;0;0#82
0;0;0;0;0;0;0;0;0;0;0;0;0;0;0;0;0;0;0;0;0;0;0;0;0;0;0;0;0;0;0;0;0;0;0;0;0#82
0;0;0;0;0;0;0;0;0;0;0;0;0;0;0;0;0;1;0;0;1;0;1;0;1;0;0;0;0;0;0;0;0;0;0;0;0#82
0;0;0;0;0;0;0;0;0;0;0;0;0;0;0;0;0;0;0;0;0;0;0;0;0;0;0;0;0;0;0;0;0;0;0;0;0#82
0;0;0;0;0;0;0;0;0;0;0;0;0;0;0;0;0;0;0;0;1;1;0;0;0;0;1;0;0;0;0;0;1;0;0;0;0#82
0;0;0;0;0;0;0;0;0;0;0;0;0;0;0;0;0;1;1;0;0;1;1;0;1;0;1;0;0;0;0;0;1;0;0;0;0#82
0;0;0;0;0;0;0;0;0;0;0;0;0;0;0;0;0;0;1;2;0;2;0;2;0;0;2;0;0;0;0;0;1;0;0;0;0#82
0;0;0;0;0;0;0;0;0;0;0;0;0;0;0;0;0;0;1;1;0;1;1;0;0;0;0;0;0;0;0;0;1;0;0;0;0#82
0;0;0;0;0;0;0;0;0;0;0;0;0;0;0;0;0;0;0;0;0;0;0;0;0;0;0;0;0;0;0;0;0;0;0;0;0#82
0;0;0;0;0;0;0;0;0;0;0;0;0;0;0;0;0;0;0;1;0;0;0;0;0;0;0;0;0;0;0;0;0;0;0;0;0#82
0;0;0;0;0;0;0;0;0;0;0;0;0;0;0;0;0;0;0;0;0;0;0;0;0;0;0;0;0;0;0;0;0;0;0;0;0#82
0;0;0;0;0;0;0;0;0;0;0;0;0;0;0;0;0;0;0;0;2;1;0;0;0;2;1;0;0;0;0;0;0;0;0;0;0#82
0;0;0;0;0;0;0;0;0;0;0;0;0;0;0;0;0;3;1;4;1;0;1;4;1;0;4;0;0;0;0;0;0;0;0;0;0#82
0;0;0;0;0;0;0;0;0;0;0;0;0;0;0;0;0;0;0;0;1;1;0;0;0;0;1;0;0;0;0;0;1;0;0;0;0#82
0;0;0;0;0;0;0;0;0;0;0;0;0;0;0;0;0;1;0;0;0;2;0;0;0;0;0;0;0;0;0;0;2;0;0;0;0#82
0;0;0;0;0;0;0;0;0;0;0;0;0;0;0;0;0;0;1;0;0;0;0;0;1;0;1;0;0;0;0;0;0;0;0;0;0#82
0;0;0;0;0;0;0;0;0;0;0;0;0;0;0;0;0;1;0;0;0;0;0;0;0;0;0;0;0;0;0;0;0;0;0;0;0#82
0;0;0;0;0;0;0;0;0;0;0;0;0;0;0;0;0;1;1;1;0;1;3;1;1;0;1;0;0;0;0;0;1;0;0;0;0#82
0;0;0;0;0;0;0;0;0;0;0;0;0;0;0;0;0;1;1;0;0;0;2;0;1;3;1;0;0;0;0;0;0;0;0;0;0#82
0;0;0;0;0;0;0;0;0;0;0;0;0;0;0;0;0;0;0;0;0;0;0;0;0;0;0;0;0;0;0;0;0;0;0;0;0#83
0;0;0;0;0;0;0;0;0;0;0;0;0;0;0;0;0;0;0;0;0;0;0;0;0;0;0;0;0;0;0;0;0;0;0;0;0#83
0;0;0;0;0;0;0;0;0;0;0;0;0;0;0;0;0;0;0;0;1;0;1;0;0;0;0;3;1;1;3;0;0;0;0;0;0#83
0;0;0;0;0;0;0;0;0;0;0;0;0;0;0;0;0;0;0;0;0;0;0;0;0;0;0;0;0;0;0;0;0;0;0;0;0#83
0;0;0;0;0;0;0;0;0;0;0;0;0;0;0;0;0;0;0;0;0;0;0;0;0;0;0;0;0;0;0;0;0;0;0;0;0#83
0;0;0;0;0;0;0;0;0;0;0;0;0;0;0;0;0;0;8;0;1;1;0;0;0;0;8;30;95;49;49;95;1;0;0;0;0#83
0;0;0;0;0;0;0;0;0;0;0;0;0;0;0;0;0;0;0;0;0;0;0;0;0;0;0;0;0;0;0;0;1;0;0;0;0#83
0;0;0;0;0;0;0;0;0;0;0;0;0;0;0;0;0;0;0;0;0;0;0;0;0;0;0;0;0;0;0;0;1;0;0;0;0#83
0;0;0;0;0;0;0;0;0;0;0;0;0;0;0;0;0;0;0;0;0;0;0;0;0;0;0;0;0;0;0;0;0;0;0;0;0#83
0;0;0;0;0;0;0;0;0;0;0;0;0;0;0;0;0;0;0;0;0;0;0;0;0;0;0;1;0;0;1;0;1;0;0;0;0#83
0;0;0;0;0;0;0;0;0;0;0;0;0;0;0;0;0;0;0;0;0;0;0;0;0;0;0;0;0;0;0;0;1;0;0;0;0#83
0;0;0;0;0;0;0;0;0;0;0;0;0;0;0;0;0;0;0;0;0;1;0;0;0;0;0;0;0;0;0;0;3;0;0;0;0#83
0;0;0;0;0;0;0;0;0;0;0;0;0;0;0;0;0;0;0;0;0;1;0;0;0;0;0;0;0;0;0;0;0;0;0;0;0#83
0;0;0;0;0;0;0;0;0;0;0;0;0;0;0;0;0;0;0;0;0;0;0;0;0;0;0;0;0;0;0;0;0;0;0;0;0#83
0;0;0;0;0;0;0;0;0;0;0;0;0;0;0;0;0;0;0;0;0;0;0;0;0;0;0;1;0;0;1;0;1;0;0;0;0#83
0;0;0;0;0;0;0;0;0;0;0;0;0;0;0;0;0;0;0;0;0;0;0;0;0;0;0;0;0;0;0;0;0;0;0;0;0#83
0;0;0;0;0;0;0;0;0;0;0;0;0;0;0;0;0;0;0;0;0;0;0;0;0;0;0;0;0;0;1;0;1;0;0;0;0#83
0;0;0;0;0;0;0;0;0;0;0;0;0;0;0;0;0;0;0;0;0;0;0;0;0;0;0;0;0;0;0;0;0;0;0;0;0#83
0;0;0;0;0;0;0;0;0;0;0;0;0;0;0;0;0;0;0;0;0;0;0;0;0;0;0;0;0;0;0;0;1;0;0;0;0#83
0;0;0;0;0;0;0;0;0;0;0;0;0;0;0;0;0;0;0;0;0;0;0;0;0;0;0;0;0;0;0;0;0;0;0;0;0#83
0;0;0;0;0;0;0;0;0;0;0;0;0;0;0;0;0;0;0;0;0;0;0;0;0;0;0;0;0;0;0;0;0;0;0;0;0#83
0;0;0;0;0;0;0;0;0;0;0;0;0;0;0;0;0;0;0;0;0;0;0;0;0;0;0;0;0;0;0;0;0;0;0;0;0#83
0;0;0;0;0;0;0;0;0;0;0;0;0;0;0;0;0;0;0;0;0;0;0;0;0;0;0;0;0;0;0;0;0;0;0;0;0#83
0;0;0;0;0;0;0;0;0;0;0;0;0;0;0;0;0;0;0;0;0;0;0;0;0;0;0;0;0;0;0;0;0;0;0;0;0#83
0;0;0;0;0;0;0;0;0;0;0;0;0;0;0;0;0;0;0;0;0;0;0;0;0;0;0;0;0;0;0;0;0;0;0;0;0#83
0;0;0;0;0;0;0;0;0;0;0;0;0;0;0;0;0;0;0;0;0;0;1;0;0;0;0;0;0;0;0;0;0;0;0;0;0#83
0;0;0;0;0;0;0;0;0;0;0;0;0;0;0;0;0;0;0;0;1;1;0;0;0;0;0;0;0;0;0;0;0;0;0;0;0#83
0;0;0;0;0;0;0;0;0;0;0;0;0;0;0;0;0;0;0;0;0;0;0;0;0;0;0;0;0;0;0;0;0;0;0;0;0#83
0;0;0;0;0;0;0;0;0;0;0;0;0;0;0;0;0;0;0;0;0;0;0;0;0;0;0;0;1;1;4;0;1;0;0;0;0#83
0;0;0;0;0;0;0;0;0;0;0;0;0;0;0;0;0;0;0;0;0;0;0;0;0;0;0;0;0;0;0;0;0;0;0;0;0#83
0;0;0;0;0;0;0;0;0;0;0;0;0;0;0;0;0;0;0;0;0;0;0;0;0;0;0;0;0;0;0;0;0;0;0;0;0#83
0;0;0;0;0;0;0;0;0;0;0;0;0;0;0;0;0;0;0;0;0;0;0;0;0;0;0;0;0;0;0;0;0;0;0;0;0#83
0;0;0;0;0;0;0;0;0;0;0;0;0;0;0;0;0;0;0;0;0;0;0;0;0;0;0;0;0;0;1;0;0;0;0;0;0#83
0;0;0;0;0;0;0;0;0;0;0;0;0;0;0;0;0;0;0;0;0;0;0;0;0;0;0;0;0;0;0;0;0;0;0;0;0#83
0;0;0;0;0;0;0;0;0;0;0;0;0;0;0;0;0;0;0;0;0;0;0;0;0;0;0;0;0;0;0;0;0;0;0;0;0#83
0;0;0;0;0;0;0;0;0;0;0;0;0;0;0;0;0;0;0;0;0;0;0;0;0;0;0;0;0;0;0;0;0;0;0;0;0#83
0;0;0;0;0;0;0;0;0;0;0;0;0;0;0;0;0;0;0;0;0;1;0;0;0;0;0;0;0;0;0;0;0;0;0;0;0#83
0;0;0;0;0;0;0;0;0;0;0;0;0;0;0;0;0;0;0;0;0;0;0;0;0;0;0;0;0;0;0;0;0;0;0;0;0#83
0;0;0;0;0;0;0;0;0;0;0;0;0;0;0;0;0;0;0;0;0;0;0;0;0;0;0;0;0;0;0;0;0;0;0;0;0#83
0;0;0;0;0;0;0;0;0;0;0;0;0;0;0;0;0;0;0;0;0;0;0;0;0;0;0;0;0;0;0;0;1;0;0;0;0#83
0;0;0;0;0;0;0;0;0;0;0;0;0;0;0;0;0;0;0;0;0;0;0;0;0;0;0;0;0;0;0;0;1;0;0;0;0#83
0;0;0;0;0;0;0;0;0;0;0;0;0;0;0;0;0;0;0;1;0;0;0;0;0;0;0;0;0;0;0;0;0;0;0;0;0#83
0;0;0;0;0;0;0;0;0;0;0;0;0;0;0;0;0;0;0;0;0;0;0;0;0;0;0;0;0;0;0;0;0;0;0;0;0#83
0;0;0;0;0;0;0;0;0;0;0;0;0;0;0;0;0;0;0;0;0;0;0;0;0;0;0;0;0;0;0;0;0;0;0;0;0#83
0;0;0;0;0;0;0;0;0;0;0;0;0;0;0;0;0;0;0;0;0;0;0;0;0;0;0;0;0;0;0;0;0;0;0;0;0#83
0;0;0;0;0;0;0;0;0;0;0;0;0;0;0;0;0;0;0;0;0;0;0;0;0;0;0;0;0;0;0;0;0;0;0;0;0#83
0;0;0;0;0;0;0;0;0;0;0;0;0;0;0;0;0;0;0;0;0;0;0;0;0;0;0;0;0;0;0;0;1;0;0;0;0#83
0;0;0;0;0;0;0;0;0;0;0;0;0;0;0;0;0;0;0;0;0;0;0;0;0;0;0;0;0;0;1;0;0;0;0;0;0#83
0;0;0;0;0;0;0;0;0;0;0;0;0;0;0;0;0;0;0;0;0;0;0;0;0;0;0;0;0;0;0;0;0;0;0;0;0#83
0;0;0;0;0;0;0;0;0;0;0;0;0;0;0;0;0;0;0;0;0;0;0;0;0;0;0;0;0;0;0;0;0;0;0;0;0#83
0;0;0;0;0;0;0;0;0;0;0;0;0;0;0;0;0;0;0;0;0;0;0;0;0;0;0;0;0;0;0;0;0;0;0;0;0#83
0;0;0;0;0;0;0;0;0;0;0;0;0;0;0;0;0;0;0;0;0;0;0;0;0;0;0;0;0;0;0;0;0;0;0;0;0#83
0;0;0;0;0;0;0;0;0;0;0;0;0;0;0;0;0;0;0;0;0;0;0;0;0;0;0;0;0;0;0;0;0;0;0;0;0#84
0;0;0;0;0;0;0;0;0;0;0;0;0;0;0;0;0;0;0;0;0;0;0;0;0;0;0;1;0;0;0;0;0;0;0;0;0#84
0;0;0;0;0;0;0;0;0;0;0;0;0;0;0;0;0;0;0;0;0;0;0;0;0;0;0;0;0;0;0;0;1;0;0;0;0#84
0;0;0;0;0;0;0;0;0;0;0;0;0;0;0;0;0;0;0;0;0;0;0;0;0;0;0;0;0;0;0;0;0;4;3;0;3#84
0;0;0;0;0;0;0;0;0;0;0;0;0;0;0;0;0;0;0;0;0;0;0;0;0;0;0;0;0;0;0;0;0;4;3;0;3#84
0;0;0;0;0;0;0;0;0;0;0;0;0;0;0;0;0;0;0;0;0;0;0;0;0;0;0;0;0;0;0;0;0;0;0;0;0#84
0;0;0;0;0;0;0;0;0;0;0;0;0;0;0;0;0;0;0;0;0;0;0;0;0;0;0;0;0;0;0;0;0;0;0;0;0#84
0;0;0;0;0;0;0;0;0;0;0;0;0;0;0;0;0;0;0;0;0;0;0;0;0;0;0;2;0;0;0;0;0;0;0;0;0#84
0;0;0;0;0;0;0;0;0;0;0;0;0;0;0;0;0;0;0;0;0;0;0;0;0;0;0;0;0;0;0;0;0;0;0;0;0#84
0;0;0;0;0;0;0;0;0;0;0;0;0;0;0;0;0;0;0;0;0;0;1;0;0;0;0;0;0;0;0;0;0;0;0;0;0#84
0;0;0;0;0;0;0;0;0;0;0;0;0;0;0;0;0;0;0;0;0;0;0;0;0;0;0;0;0;0;0;0;0;0;0;0;0#84
0;0;0;0;0;0;0;0;0;0;0;0;0;0;0;0;0;0;0;0;0;0;0;0;0;0;0;0;0;0;0;0;2;0;0;0;0#84
0;0;0;0;0;0;0;0;0;0;0;0;0;0;0;0;0;0;0;0;0;0;0;0;0;0;0;0;0;0;0;0;1;0;0;0;0#84
0;0;0;0;0;0;0;0;0;0;0;0;0;0;0;0;0;0;0;0;0;0;0;0;0;0;0;0;0;0;0;0;0;0;0;0;0#84
0;0;0;0;0;0;0;0;0;0;0;0;0;0;0;0;0;0;0;0;0;0;0;0;0;0;0;0;0;0;0;0;0;0;0;0;0#84
0;0;0;0;0;0;0;0;0;0;0;0;0;0;0;0;0;0;0;0;0;0;0;0;0;0;0;0;0;0;0;0;2;0;0;0;0#84
0;0;0;0;0;0;0;0;0;0;0;0;0;0;0;0;0;0;0;0;0;0;0;0;0;0;0;0;0;0;0;0;0;0;0;0;0#84
0;0;0;0;0;0;0;0;0;0;0;0;0;0;0;0;0;0;0;0;0;0;0;0;0;0;0;0;0;0;0;0;0;0;0;0;0#84
0;0;0;0;0;0;0;0;0;0;0;0;0;0;0;0;0;0;0;0;0;0;0;0;0;0;0;0;0;0;0;0;0;0;0;0;0#84
0;0;0;0;0;0;0;0;0;0;0;0;0;0;0;0;0;0;0;0;0;0;0;0;0;0;0;0;0;0;0;0;0;0;0;0;0#84
0;0;0;0;0;0;0;0;0;0;0;0;0;0;0;0;0;0;0;0;0;0;0;0;0;0;0;1;0;0;0;0;1;0;0;0;0#84
0;0;0;0;0;0;0;0;0;0;0;0;0;0;0;0;0;0;0;0;0;0;0;0;0;0;0;0;0;0;0;0;0;0;0;0;0#84
0;0;0;0;0;0;0;0;0;0;0;0;0;0;0;0;0;0;0;0;0;0;0;0;0;0;0;0;0;0;0;0;0;0;0;0;0#84
0;0;0;0;0;0;0;0;0;0;0;0;0;0;0;0;0;0;0;0;0;0;0;0;0;0;0;0;0;0;0;0;0;0;0;0;0#84
0;0;0;0;0;0;0;0;0;0;0;0;0;0;0;0;0;0;0;0;0;0;0;0;0;0;0;0;0;0;0;0;0;4;3;0;3#84
0;0;0;0;0;0;0;0;0;0;0;0;0;0;0;0;0;0;1;0;0;1;0;0;0;0;0;0;0;0;0;0;1;0;0;0;0#84
0;0;0;0;0;0;0;0;0;0;0;0;0;0;0;0;0;0;0;0;0;0;0;0;0;0;0;0;0;0;0;0;0;0;0;0;0#84
0;0;0;0;0;0;0;0;0;0;0;0;0;0;0;0;0;0;0;0;0;0;0;0;0;0;0;2;0;0;0;0;0;0;0;0;0#84
0;0;0;0;0;0;0;0;0;0;0;0;0;0;0;0;0;0;0;0;0;1;0;0;0;0;0;6;0;2;0;0;1;0;0;0;0#84
0;0;0;0;0;0;0;0;0;0;0;0;0;0;0;0;0;0;0;0;0;0;0;0;0;0;0;0;0;0;0;0;0;2;1;0;1#84
0;0;0;0;0;0;0;0;0;0;0;0;0;0;0;0;0;0;0;0;0;0;0;0;0;0;0;0;0;0;0;0;0;0;0;0;0#84
0;0;0;0;0;0;0;0;0;0;0;0;0;0;0;0;0;0;0;0;0;0;0;0;0;0;0;0;0;0;0;0;0;0;0;0;0#84
0;0;0;0;0;0;0;0;0;0;0;0;0;0;0;0;0;0;1;0;0;0;0;0;0;0;0;0;0;0;0;0;0;0;0;0;0#84
0;0;0;0;0;0;0;0;0;0;0;0;0;0;0;0;0;0;0;0;0;0;0;0;0;0;0;0;0;0;0;0;0;0;0;0;0#84
0;0;0;0;0;0;0;0;0;0;0;0;0;0;0;0;0;0;0;0;0;0;0;0;0;0;0;3;0;1;0;0;0;0;0;0;0#84
0;0;0;0;0;0;0;0;0;0;0;0;0;0;0;0;0;0;0;0;0;0;0;0;0;0;0;0;0;0;0;0;0;0;0;0;0#84
0;0;0;0;0;0;0;0;0;0;0;0;0;0;0;0;0;0;0;0;0;0;0;0;0;0;0;0;0;0;0;0;0;0;0;0;0#84
0;0;0;0;0;0;0;0;0;0;0;0;0;0;0;0;0;0;0;0;0;0;0;0;0;0;0;0;0;0;0;0;0;4;3;0;3#84
0;0;0;0;0;0;0;0;0;0;0;0;0;0;0;0;0;0;0;0;0;0;0;0;0;0;0;0;0;0;0;0;0;0;0;0;0#84
0;0;0;0;0;0;0;0;0;0;0;0;0;0;0;0;0;0;0;0;0;0;0;0;0;0;0;0;0;0;0;0;0;0;0;0;0#84
0;0;0;0;0;0;0;0;0;0;0;0;0;0;0;0;0;0;0;0;0;0;0;0;0;0;0;0;0;0;0;0;0;0;0;93;0#84
0;0;0;0;0;0;0;0;0;0;0;0;0;0;0;0;0;0;1;0;0;0;0;0;0;0;0;0;0;0;0;0;0;0;0;0;0#84
0;0;0;0;0;0;0;0;0;0;0;0;0;0;0;0;0;0;0;0;0;0;0;0;0;0;0;0;0;0;0;0;2;0;0;0;0#84
0;0;0;0;0;0;0;0;0;0;0;0;0;0;0;0;0;0;0;0;0;0;0;0;0;0;0;0;0;0;0;0;0;4;3;0;3#84
0;0;0;0;0;0;0;0;0;0;0;0;0;0;0;0;0;0;0;0;0;0;0;0;0;0;0;0;0;0;0;0;0;4;3;0;3#84
0;0;0;0;0;0;0;0;0;0;0;0;0;0;0;0;0;0;0;0;0;0;0;0;0;0;0;0;0;0;0;0;0;0;0;0;0#84
